2018  8 17 10  9  42.53 2018.62856  121.0128  24.0127   18.80  4.92 242136582 20171009.P18
2018  8 17 10 14  59.58 2018.62857  121.0115  24.0150   18.58  4.29 242136899 20171014.P18
2018  8 17 10 16  21.85 2018.62857  121.0113  24.0258   14.37  2.15 242136981 20171014.118
2018  8 17 10 17  30.34 2018.62857  121.0020  24.0108   17.24  1.98 242137050 20171017.118
2018  8 17 10 17  49.31 2018.62857  121.0058  23.9945   17.01  2.97 242137069 20171017.P18
2018  8 17 11 30  57.88 2018.62871  121.0135  23.9995   17.86  3.84 242141457 20171130.P18
2018  8 17 11 42   4.04 2018.62873  121.0042  23.9930   16.90  2.14 242142124 20171141.P18
2018  8 17 11 55  35.50 2018.62876  121.0060  24.0125   17.64  2.04 242142935 20171155.P18
2018  8 17 12 42   6.64 2018.62885  121.0182  24.0038   18.26  2.20 242145726 20171241.P18
2018  8 17 14 29  24.98 2018.62905  121.0407  23.9942   18.88  2.45 242152164 20171429.P18
2018  8 17 14 34  52.04 2018.62906  121.0310  23.9878   15.44  2.95 242152492 20171434.P18
2018  8 17 14 38  17.43 2018.62907  121.0053  23.9977   17.61  1.79 242152697 20171438.118
2018  8 17 14 38  26.05 2018.62907  121.0430  23.9935   16.22  1.96 242152706 20171438.P18
2018  8 17 14 42  57.23 2018.62908  121.0158  23.9940   16.93  2.85 242152977 20171442.P18
2018  8 17 15 13  45.98 2018.62914  120.9863  24.0020   16.43  0.93 242154825 20171513.218
2018  8 17 15 14   2.18 2018.62914  121.0030  24.0005   18.74  1.23 242154842 20171513.118
2018  8 17 15 14   8.38 2018.62914  121.0048  23.9945   14.93  1.35 242154848 20171513.P18
2018  8 17 15 17  57.50 2018.62914  121.0032  24.0127   18.79  2.23 242155077 20171517.P18
2018  8 17 15 44  31.42 2018.62919  121.0058  23.9945   16.92  3.18 242156671 20171544.P18
2018  8 17 18 36  24.52 2018.62952  121.0123  24.0368   13.47  0.50 242166984 20171835.218
2018  8 17 18 45  25.52 2018.62954  121.0118  24.0130   14.95  0.61 242167525 20171845.118
2018  8 17 20 17  20.41 2018.62971  121.0050  24.0058   17.81  2.32 242173040 20172017.P18
2018  8 17 21 28  52.37 2018.62985  121.0078  24.0040   17.93  3.29 242177332 20172128.P18
2018  8 17 21 29  35.74 2018.62985  121.0087  24.0145   19.25  1.72 242177375 20172128.118
2018  8 17 21 30  51.48 2018.62985  120.9985  24.0258   19.09  1.85 242177451 20172128.218
2018  8 17 22 30   0.72 2018.62997  121.0078  24.0148   17.66  2.81 242181000 20172229.P18
2018  8 17 22 57  30.94 2018.63002  121.0052  23.9882   17.21  2.72 242182650 20172257.P18
2018  8 17 23 29  52.24 2018.63008  121.0433  23.9988   17.62  2.37 242184592 20172329.P18
2018  8 17 23 40   3.71 2018.63010  121.0337  23.9892   15.40  3.08 242185203 20172340.P18
2018  8 18  0 15  17.17 2018.63017  121.0032  24.0197   19.11  5.19 242200917 20180015.P18
2018  8 18  0 16  57.53 2018.63017  121.0070  24.0113   18.17  3.57 242201017 20180016.P18
2018  8 18  0 17   9.79 2018.63017  121.0025  24.0250   15.85  3.02 242201029 20180016.118
2018  8 18  0 21  54.15 2018.63018  121.0062  24.0053   17.09  3.22 242201314 20180021.P18
2018  8 18  0 22   5.63 2018.63018  121.0058  23.9925   15.90  2.51 242201325 20180021.118
2018  8 18  0 32   9.65 2018.63020  121.0088  24.0132   13.88  0.79 242201929 20180032.118
2018  8 18  0 32  25.05 2018.63020  121.0032  24.0065   14.34  1.07 242201945 20180032.218
2018  8 18  1  1  25.81 2018.63025  120.9992  24.0065   17.49  4.27 242203685 20180101.P18
2018  8 18  1  1  59.18 2018.63025  121.0025  24.0042   16.20  3.03 242203719 20180101.118
2018  8 18  1  2  13.50 2018.63026  121.0058  24.0107   19.23  2.65 242203733 20180101.218
2018  8 18  1  5  59.52 2018.63026  121.0008  24.0172   18.40  1.64 242203959 20180105.118
2018  8 18  1  6  13.84 2018.63026  121.0227  24.0008   14.87  1.94 242203973 20180105.P18
2018  8 18  1 23  43.50 2018.63030  121.0002  24.0055   16.78  2.34 242205023 20180123.P18
2018  8 18  2 30   5.19 2018.63042  121.0153  24.0208   18.75  3.78 242209005 20180229.P18
2018  8 18  2 31   8.69 2018.63042  121.0150  24.0225   17.61  1.92 242209068 20180229.118
2018  8 18  2 45  36.47 2018.63045  121.0177  24.0060   17.98  2.44 242209936 20180245.P18
2018  8 18  2 48  25.51 2018.63046  121.0292  24.0038   18.38  2.54 242210105 20180248.P18
2018  8 18  2 56   8.38 2018.63047  121.0348  24.0165   19.46  2.57 242210568 20180256.P18
2018  8 18  4 14  52.54 2018.63062  121.0132  24.0170   17.80  2.50 242215292 20180414.P18
2018  8 18  5  8   5.06 2018.63072  121.0135  24.0158   18.05  2.24 242218485 20180507.P18
2018  8 18 13 33  50.12 2018.63169  121.0132  23.9957   14.09  0.89 242248830 20181332.118
2018  8 18 16 24  29.58 2018.63201  121.0348  24.0073   14.93  0.87 242259069 20181623.118
2018  8 19 11 14  35.00 2018.63416  121.0138  24.0125   17.68  2.02 242340475 20191114.P18
2018  8 19 20 12  44.40 2018.63518  121.0310  24.0030   18.04  2.25 242372764 20192012.P18
2018  8 20 13 27  58.65 2018.63715  120.9963  23.9922   16.99  3.93 242448478 20201327.P18
2018  8 20 13 51  20.34 2018.63720  121.0068  24.0027   10.85  0.70 242449880 20201351.P18
2018  8 20 14 44  18.06 2018.63730  120.9972  23.9967   16.70  3.45 242453058 20201444.P18
2018  8 20 15 35  32.53 2018.63740  121.0270  23.9972   18.52  1.14 242456132 20201535.218
2018  8 20 15 36   6.95 2018.63740  121.0385  23.9960   20.25  1.42 242456166 20201535.118
2018  8 20 16 33   3.23 2018.63751  121.0228  24.0057   15.89  0.99 242459583 20201632.118
2018  8 22 15 59  27.95 2018.64292  120.9965  23.9778   16.32  3.73 242657567 20221559.P18
2018  8 22 16 13   7.06 2018.64295  121.0018  23.9738   16.07  2.56 242658387 20221612.P18
2018  8 22 23 45  17.91 2018.64381  120.9953  23.9795   17.09  3.35 242685517 20222345.P18
2018  8 23  6 22   2.51 2018.64456  120.9977  23.9823   16.22  3.67 242722922 20230621.P18
2018  8 23  6 22  17.16 2018.64456  121.0017  23.9857   17.28  3.23 242722937 20230621.118
2018  8 23  6 25  49.89 2018.64457  120.9997  23.9862   16.42  2.38 242723149 20230625.P18
2018  8 23  6 26  49.20 2018.64457  120.9752  23.9687   15.40  1.12 242723209 20230625.118
2018  8 23  6 38  51.47 2018.64459  120.9960  23.9945   16.34  2.09 242723931 20230638.P18
2018  8 23  9 18  54.31 2018.64490  121.0308  23.9800   15.07  2.58 242733534 20230918.P18
2018  8 23 12  4  17.33 2018.64521  120.9932  23.9893   16.59  1.64 242743457 20231204.P18
2018  8 23 12  4  29.65 2018.64521  121.0050  24.0032   13.84  1.36 242743469 20231204.118
