2019  4  3  1 52  55.39 2019.25501  120.8683  22.9373    4.87  5.95 265006775 16030152.P19
2019  4  3  1 53  28.50 2019.25501  120.8178  22.9848   11.61  4.28 265006808 16030152.119
2019  4  3  2  2  27.55 2019.25503  120.8373  22.9552    1.17  2.98 265007347 16030202.P19
2019  4  3  2 18  13.84 2019.25506  120.8145  22.9578    2.62  1.67 265008293 16030217.P19
2019  4  3  2 22   1.37 2019.25506  120.8425  22.9728    4.72  2.13 265008521 16030221.P19
2019  4  3  2 39  15.90 2019.25510  120.8388  22.9942    4.84  1.65 265009555 16030239.P19
2019  4  3  2 49  19.54 2019.25512  120.8450  22.9730    4.82  1.64 265010159 16030249.P19
2019  4  3  2 53  12.35 2019.25512  120.8295  22.9533    4.86  3.46 265010392 16030253.P19
2019  4  3  3 18  40.14 2019.25517  120.8477  22.9877    4.47  1.80 265011920 16030318.P19
2019  4  3  3 22  48.46 2019.25518  120.8327  23.0078   15.48  1.31 265012168 16030322.P19
2019  4  3  3 31  36.28 2019.25520  120.8088  22.9947   10.46  1.28 265012696 16030331.P19
2019  4  3  3 33  15.53 2019.25520  120.8473  22.9948    5.00  1.28 265012795 16030333.P19
2019  4  3  3 39  22.58 2019.25521  120.8207  22.9822    5.75  1.62 265013162 16030339.P19
2019  4  3  3 39  52.81 2019.25521  120.7975  22.9780    4.90  1.39 265013192 16030339.119
2019  4  3  3 40  54.87 2019.25521  120.8227  22.9820    5.65  1.28 265013254 16030340.P19
2019  4  3  3 42   5.41 2019.25522  120.8490  22.9813    5.12  1.81 265013325 16030341.P19
2019  4  3  3 54  37.76 2019.25524  120.8357  22.9647    5.17  1.34 265014077 16030354.P19
2019  4  3  4  2  13.22 2019.25526  120.8325  22.9528    3.59  1.62 265014533 16030402.P19
2019  4  3  4 23   1.85 2019.25529  120.8760  22.9967    7.71  1.34 265015781 16030422.P19
2019  4  3  4 24  41.49 2019.25530  120.8422  22.9753    8.82  1.19 265015881 16030424.P19
2019  4  3  4 28  31.58 2019.25531  120.8748  22.9738    4.42  1.58 265016111 16030428.P19
2019  4  3  4 39   7.49 2019.25533  120.8295  22.9885   12.52  1.16 265016747 16030438.P19
2019  4  3  4 40  45.90 2019.25533  120.8450  22.9718    4.07  1.75 265016845 16030440.P19
2019  4  3  5 36  27.39 2019.25543  120.8387  22.9860   12.38  1.20 265020187 16030536.119
2019  4  3  5 36  35.89 2019.25543  120.8607  22.9805    5.83  1.53 265020195 16030536.P19
2019  4  3  5 42  55.23 2019.25545  120.8697  22.9923    3.00  1.09 265020575 16030542.P19
2019  4  3  5 46   5.31 2019.25545  120.8207  22.9600    7.83  1.17 265020765 16030545.P19
2019  4  3  5 57  46.93 2019.25548  120.8083  22.9983    8.03  1.48 265021466 16030557.P19
2019  4  3  6  1  14.01 2019.25548  120.8185  23.0038   11.34  1.55 265021674 16030600.P19
2019  4  3  6 21  23.10 2019.25552  120.8360  22.9425    5.29  2.26 265022883 16030621.P19
2019  4  3  6 24   0.89 2019.25553  120.8405  22.9512    5.21  2.08 265023040 16030623.P19
2019  4  3  6 56  21.17 2019.25559  120.8615  22.9768    3.19  1.70 265024981 16030656.119
2019  4  3  6 59   7.81 2019.25559  120.8608  22.9805   11.63  1.29 265025147 16030659.P19
2019  4  3  7  4  37.64 2019.25560  120.8547  22.9397    7.68  1.26 265025477 16030704.P19
2019  4  3  7 35   4.00 2019.25566  120.8482  22.9548    3.47  1.19 265027304 16030734.P19
2019  4  3  7 47   3.60 2019.25568  120.8628  22.9907    5.91  1.27 265028023 16030746.P19
2019  4  3  8 37   8.54 2019.25578  120.8423  22.9737    9.00  1.23 265031028 16030836.119
2019  4  3  9  7   8.70 2019.25584  120.8852  22.9662    9.13  1.15 265032828 16030906.P19
2019  4  3 10  0  16.83 2019.25594  120.8303  22.9812    7.36  1.10 265036016 16031000.P19
2019  4  3 10  6  44.31 2019.25595  120.8835  22.9558    3.84  1.43 265036404 16031006.P19
2019  4  3 10 45  10.14 2019.25602  120.8618  22.9700    3.47  1.12 265038710 16031045.319
2019  4  3 10 45  34.82 2019.25602  120.8768  22.9683    4.11  3.23 265038734 16031045.P19
2019  4  3 10 46   8.75 2019.25602  120.8345  22.9663    5.30  2.33 265038768 16031045.119
2019  4  3 10 46  13.25 2019.25602  120.8520  22.9660    4.35  2.43 265038773 16031045.219
2019  4  3 10 50   7.70 2019.25603  120.8407  22.9737    7.14  1.62 265039007 16031049.P19
2019  4  3 10 50  38.81 2019.25603  120.8430  22.9683    6.03  1.82 265039038 16031049.119
2019  4  3 11  0  27.40 2019.25605  120.8443  22.9703    4.33  1.45 265039627 16031100.P19
2019  4  3 11 16  13.81 2019.25608  120.8430  22.9582    6.18  1.88 265040573 16031116.P19
2019  4  3 11 16  28.63 2019.25608  120.8485  22.9732    4.59  2.04 265040588 16031116.119
2019  4  3 11 21  12.56 2019.25609  120.8462  22.9712    4.50  1.50 265040872 16031120.119
2019  4  3 11 21  33.94 2019.25609  120.8445  22.9722    6.45  1.85 265040893 16031120.P19
2019  4  3 11 35   4.18 2019.25612  120.8745  22.9483    4.43  1.58 265041704 16031134.P19
2019  4  3 11 36  30.90 2019.25612  120.8403  22.9660    5.08  1.46 265041790 16031136.119
2019  4  3 11 36  48.54 2019.25612  120.8578  22.9637    3.46  2.28 265041808 16031136.P19
2019  4  3 11 41   8.20 2019.25613  120.8547  22.9863    4.37  1.44 265042068 16031140.P19
2019  4  3 11 46  38.91 2019.25614  120.8773  22.9700    3.67  1.66 265042398 16031146.P19
2019  4  3 11 50  32.53 2019.25615  120.8583  22.9803    4.81  1.36 265042632 16031150.P19
2019  4  3 11 51  19.66 2019.25615  120.7962  22.9933    8.00  0.80 265042679 16031150.119
2019  4  3 11 53  17.82 2019.25615  120.8810  22.9697    5.17  1.22 265042797 16031153.P19
2019  4  3 12  8  28.10 2019.25618  120.8563  22.9650    1.69  0.85 265043708 16031208.119
2019  4  3 12  8  55.03 2019.25618  120.8692  22.9915    9.35  1.07 265043735 16031208.P19
2019  4  3 12 15  20.79 2019.25619  120.8527  22.9757   11.90  1.05 265044120 16031215.P19
2019  4  3 12 17  13.22 2019.25620  120.8662  22.9732    3.97  1.40 265044233 16031216.P19
2019  4  3 12 30  19.49 2019.25622  120.8558  22.9482    5.70  1.14 265045019 16031229.P19
2019  4  3 12 32   9.25 2019.25623  120.8520  22.9698    4.69  0.99 265045129 16031232.P19
2019  4  3 12 39   3.16 2019.25624  120.8312  22.9795    3.65  1.13 265045543 16031238.219
2019  4  3 12 39  33.51 2019.25624  120.8420  22.9677    5.58  1.64 265045573 16031238.P19
2019  4  3 12 41  17.97 2019.25624  120.8452  22.9657   12.53  1.25 265045677 16031241.P19
2019  4  3 13 10  59.14 2019.25630  120.8400  22.9773    8.01  1.15 265047459 16031310.119
2019  4  3 13 11  15.31 2019.25630  120.8105  22.9562    5.57  1.19 265047475 16031310.P19
2019  4  3 13 39  53.22 2019.25635  120.8327  22.9778    5.55  1.43 265049193 16031339.P19
2019  4  3 13 56  52.82 2019.25639  120.8402  22.9803    5.36  2.45 265050212 16031356.P19
2019  4  3 14  5  29.46 2019.25640  120.8548  22.9703    5.88  1.87 265050729 16031405.P19
2019  4  3 14 20  52.41 2019.25643  120.8683  22.9780    4.35  2.37 265051652 16031420.P19
2019  4  3 14 21  26.06 2019.25643  120.8680  22.9750    4.76  1.27 265051686 16031420.119
2019  4  3 14 24  18.31 2019.25644  120.8778  22.9898   12.60  0.87 265051858 16031424.P19
2019  4  3 14 29  57.02 2019.25645  120.8403  22.9825    4.21  0.82 265052197 16031429.P19
2019  4  3 14 35  58.08 2019.25646  120.8593  23.0007    4.83  1.21 265052558 16031435.P19
2019  4  3 14 38  33.45 2019.25647  120.8337  23.0007    4.81  0.87 265052713 16031438.P19
2019  4  3 14 59  16.82 2019.25651  120.8537  22.9607    7.40  0.83 265053956 16031459.P19
2019  4  3 15  3  32.15 2019.25651  120.8693  22.9557    4.62  1.83 265054212 16031503.P19
2019  4  3 15  7  14.66 2019.25652  120.8372  22.9800    4.43  2.97 265054434 16031506.P19
2019  4  3 15 10  11.28 2019.25653  120.8575  22.9593    3.99  0.92 265054611 16031509.P19
2019  4  3 15 13   6.05 2019.25653  120.8758  22.9542    6.58  0.96 265054786 16031512.P19
2019  4  3 15 15   5.94 2019.25654  120.8360  22.9825    5.92  0.88 265054905 16031514.P19
2019  4  3 15 29  15.24 2019.25656  120.8688  22.9580    4.41  2.05 265055755 16031528.P19
2019  4  3 15 47   6.13 2019.25660  120.9160  22.9677    5.40  1.10 265056826 16031546.P19
2019  4  3 15 54  36.50 2019.25661  120.8157  22.9553    3.43  1.15 265057276 16031554.P19
2019  4  3 15 56  36.16 2019.25661  120.8708  22.9740    4.58  0.97 265057396 16031556.P19
2019  4  3 16  6  17.26 2019.25663  120.8417  22.9618    1.44  1.51 265057977 16031606.P19
2019  4  3 16  9  56.49 2019.25664  120.8700  22.9568    6.09  1.36 265058196 16031609.P19
2019  4  3 16 13  34.81 2019.25665  120.8532  22.9688    4.28  1.89 265058414 16031613.P19
2019  4  3 16 14  34.98 2019.25665  120.8725  22.9568    5.69  0.86 265058474 16031614.219
2019  4  3 16 14  50.75 2019.25665  120.8567  22.9800    5.52  1.30 265058490 16031614.P19
2019  4  3 16 50  43.26 2019.25672  120.8770  22.9650    5.66  0.91 265060643 16031650.P19
2019  4  3 17  4   8.60 2019.25674  120.8737  22.9760    3.98  0.92 265061448 16031704.P19
2019  4  3 17  8  51.95 2019.25675  120.8597  22.9673    7.50  1.26 265061731 16031708.P19
2019  4  3 17 11   8.92 2019.25676  120.8865  22.9872    9.00  0.67 265061868 16031710.119
2019  4  3 17 35   6.79 2019.25680  120.8672  22.9610    5.03  1.43 265063306 16031734.P19
2019  4  3 17 53  24.85 2019.25684  120.8518  22.9742    3.03  2.29 265064404 16031753.P19
2019  4  3 17 59   1.44 2019.25685  120.8383  22.9910   11.48  0.76 265064741 16031758.P19
2019  4  3 18 12  36.95 2019.25687  120.8557  22.9955   11.24  0.90 265065556 16031811.119
2019  4  3 18 29  57.73 2019.25691  120.8517  22.9615    4.69  0.79 265066597 16031829.P19
2019  4  3 19  4  27.20 2019.25697  120.8757  22.9472    4.65  1.31 265068667 16031904.P19
2019  4  3 19 31  22.41 2019.25702  120.8278  22.9803    8.00  0.79 265070282 16031931.P19
2019  4  3 20 52  18.93 2019.25718  120.8332  22.9755    4.11  1.12 265075138 16032052.P19
2019  4  3 21  3  12.43 2019.25720  120.8383  23.0257    4.13  1.37 265075792 16032102.P19
2019  4  3 21 14  45.54 2019.25722  120.8743  22.9533    2.68  0.92 265076485 16032114.P19
2019  4  3 21 32  58.06 2019.25725  120.8413  22.9457    4.36  0.96 265077578 16032132.P19
2019  4  3 21 48  10.19 2019.25728  120.8168  23.0005    4.00  0.99 265078490 16032148.P19
2019  4  3 22 32  25.66 2019.25737  120.8517  22.9213    1.78  1.30 265081145 16032232.P19
2019  4  3 22 41  13.66 2019.25738  120.8460  22.9743    3.43  1.11 265081673 16032241.119
2019  4  3 22 41  44.14 2019.25739  120.8383  22.9590    1.30  1.04 265081704 16032241.219
2019  4  3 22 42  10.67 2019.25739  120.8513  22.9895    4.57  1.30 265081730 16032241.P19
2019  4  3 22 47  19.39 2019.25740  120.8495  22.9430    6.77  2.85 265082039 16032247.P19
2019  4  3 22 50  35.78 2019.25740  120.8468  22.9808    3.77  1.70 265082235 16032250.P19
2019  4  3 23  8  13.58 2019.25744  120.8550  22.9777    4.68  2.10 265083293 16032308.P19
2019  4  3 23 19  33.97 2019.25746  120.8665  22.9612    4.59  1.29 265083973 16032319.P19
2019  4  3 23 28  25.91 2019.25747  120.8575  22.9690    3.55  2.09 265084505 16032328.P19
2019  4  4  0 46   2.80 2019.25762  120.8573  23.0178    4.56  2.37 265102762 16040045.P19
2019  4  4  1 50  52.87 2019.25775  120.8545  22.9722    2.19  4.05 265106652 16040150.P19
2019  4  4  1 51  24.43 2019.25775  120.8553  22.9847    7.52  3.49 265106684 16040150.119
2019  4  4  1 54  31.53 2019.25775  120.8442  22.9710    4.00  4.13 265106871 16040154.P19
2019  4  4  1 56  55.14 2019.25776  120.8630  22.9827    3.48  5.51 265107015 16040156.P19
2019  4  4  1 59  52.73 2019.25776  120.8357  22.9697    4.83  3.21 265107192 16040159.P19
2019  4  4  2  5  49.14 2019.25777  120.8525  22.9810    1.89  3.71 265107549 16040205.P19
2019  4  4  2  6  36.44 2019.25778  120.8512  22.9918    5.81  3.25 265107596 16040205.119
2019  4  4  2  8  38.13 2019.25778  120.8400  22.9785    2.91  2.28 265107718 16040208.P19
2019  4  4  2 11   0.72 2019.25778  120.8598  22.9205   13.52  1.65 265107860 16040211.219
2019  4  4  2 11  26.48 2019.25778  120.8472  22.9507    5.96  2.10 265107886 16040211.119
2019  4  4  2 11  46.88 2019.25778  120.8418  22.9627    9.96  2.33 265107906 16040211.P19
2019  4  4  2 12  50.90 2019.25779  120.8418  22.9820    5.06  2.33 265107970 16040212.P19
2019  4  4  2 13  11.59 2019.25779  120.8445  22.9827    5.65  2.26 265107991 16040212.119
2019  4  4  2 13  38.14 2019.25779  120.8592  22.9723    3.49  3.33 265108018 16040213.P19
2019  4  4  2 14  40.55 2019.25779  120.8833  22.9893    5.42  2.00 265108080 16040213.219
2019  4  4  2 15  18.18 2019.25779  120.8743  22.9875    2.92  2.20 265108118 16040213.419
2019  4  4  2 15  52.81 2019.25779  120.8593  22.9810    3.66  2.79 265108152 16040215.P19
2019  4  4  2 16  16.00 2019.25779  120.8490  22.9668   10.32  2.21 265108176 16040215.119
2019  4  4  2 16  25.41 2019.25779  120.8682  22.9648    2.99  2.13 265108185 16040215.219
2019  4  4  2 20   5.33 2019.25780  120.8615  22.9628    3.66  2.91 265108405 16040219.P19
2019  4  4  2 20  33.22 2019.25780  120.8325  22.9505   13.63  2.12 265108433 16040219.119
2019  4  4  2 21  48.47 2019.25780  120.8588  22.9678    2.25  2.12 265108508 16040221.119
2019  4  4  2 22  11.37 2019.25780  120.8688  22.9855    5.39  3.14 265108531 16040221.P19
2019  4  4  2 23  30.53 2019.25781  120.8435  22.9745    3.62  1.65 265108610 16040221.219
2019  4  4  2 27  14.28 2019.25781  120.8490  22.9708    3.08  4.15 265108834 16040227.P19
2019  4  4  2 27  58.71 2019.25782  120.8145  23.0038   17.48  2.52 265108878 16040227.219
2019  4  4  2 28  35.14 2019.25782  120.8380  22.9607    4.07  3.14 265108915 16040227.119
2019  4  4  2 31  30.31 2019.25782  120.8573  22.9730    5.33  2.58 265109090 16040231.P19
2019  4  4  2 40  44.82 2019.25784  120.8555  22.9712    5.90  2.04 265109644 16040240.P19
2019  4  4  2 41  40.71 2019.25784  120.8693  22.9860    4.60  1.37 265109700 16040240.119
2019  4  4  2 44  50.46 2019.25785  120.8472  22.9880    3.74  2.11 265109890 16040244.P19
2019  4  4  2 47  12.61 2019.25785  120.8542  22.9702    4.84  2.72 265110032 16040246.P19
2019  4  4  2 53   1.79 2019.25786  120.8677  22.9627    4.87  1.96 265110381 16040252.P19
2019  4  4  2 59  10.11 2019.25788  120.8502  22.9695    5.48  2.11 265110750 16040258.P19
2019  4  4  3  2  33.98 2019.25788  120.8533  22.9965    5.07  2.70 265110953 16040302.P19
2019  4  4  3  6  21.84 2019.25789  120.8680  22.9615    4.88  1.86 265111181 16040306.P19
2019  4  4  3 29  49.05 2019.25793  120.8462  22.9767    5.95  2.06 265112589 16040329.P19
2019  4  4  4 14   7.05 2019.25802  120.8523  22.9763    4.10  3.06 265115247 16040413.P19
2019  4  4  4 36   5.14 2019.25806  120.8523  22.9688    3.74  2.63 265116565 16040436.P19
2019  4  4  4 40  27.37 2019.25807  120.8593  22.9967    3.78  2.44 265116827 16040440.P19
2019  4  4  4 42  33.89 2019.25807  120.8697  22.9628    2.50  2.21 265116953 16040442.P19
2019  4  4  4 43  36.51 2019.25807  120.8918  22.9640    5.42  1.45 265117016 16040442.119
2019  4  4  5 27  49.30 2019.25816  120.8708  22.9600    5.25  2.22 265119669 16040527.P19
2019  4  4  5 32  21.17 2019.25817  120.8488  22.9837    4.22  2.06 265119941 16040532.P19
2019  4  4  5 46   4.28 2019.25819  120.8830  22.9518    8.21  2.03 265120764 16040545.119
2019  4  4  5 46  16.72 2019.25819  120.8548  22.9598    4.44  2.19 265120776 16040545.P19
2019  4  4  6  2  31.69 2019.25822  120.8563  22.9638    3.44  2.28 265121751 16040602.P19
2019  4  4  6 47  15.42 2019.25831  120.8510  22.9643   10.57  3.35 265124435 16040647.P19
2019  4  4  7 22   5.35 2019.25838  120.8528  22.9835    3.97  2.37 265126525 16040721.P19
2019  4  4  8 27   9.49 2019.25850  120.8543  22.9687   10.34  1.90 265130429 16040827.119
2019  4  4  8 27  17.66 2019.25850  120.8485  22.9153   12.25  2.05 265130437 16040827.P19
2019  4  4  8 55  36.30 2019.25855  120.8528  22.9740    7.05  2.77 265132136 16040855.P19
2019  4  4  9 26  28.75 2019.25861  120.8607  22.9763   10.11  2.93 265133988 16040926.P19
2019  4  4 11  3  42.28 2019.25880  120.8615  22.9695    5.43  2.54 265139822 16041103.P19
2019  4  4 11 12  48.73 2019.25881  120.8525  22.9505    5.14  1.22 265140368 16041112.119
2019  4  4 11 13   6.89 2019.25881  120.8510  22.9788    4.50  1.31 265140386 16041112.P19
2019  4  4 11 47  50.62 2019.25888  120.8545  22.9728    2.93  3.00 265142470 16041147.P19
2019  4  4 11 48  30.14 2019.25888  120.8517  22.9823    4.09  1.94 265142510 16041147.119
2019  4  4 11 48  49.10 2019.25888  120.8352  22.9843    5.03  1.70 265142529 16041147.219
2019  4  4 11 50  13.50 2019.25889  120.8338  22.9882   10.78  1.63 265142613 16041150.119
2019  4  4 11 50  21.24 2019.25889  120.8500  22.9697    4.28  2.25 265142621 16041150.P19
2019  4  4 12 22  31.51 2019.25895  120.8592  22.9613    4.39  1.82 265144551 16041222.P19
2019  4  4 13 10  55.75 2019.25904  120.8580  22.9687    5.33  2.33 265147455 16041310.P19
2019  4  4 14 24  19.40 2019.25918  120.8210  22.9572   10.71  0.94 265151859 16041424.219
2019  4  4 17  9  45.66 2019.25949  120.8557  22.9563    6.12  1.96 265161785 16041709.P19
2019  4  4 17 33   2.48 2019.25954  120.8427  22.9633    5.99  1.79 265163182 16041732.119
2019  4  4 17 33  28.63 2019.25954  120.8622  22.9933    4.00  2.28 265163208 16041732.P19
2019  4  4 18 18  53.83 2019.25962  120.8498  22.9602    4.62  2.37 265165933 16041818.P19
2019  4  4 19  7  47.90 2019.25972  120.8748  22.9442    3.22  2.26 265168867 16041907.P19
2019  4  4 19 20  19.86 2019.25974  120.8510  22.9673    5.11  1.94 265169619 16041920.P19
2019  4  4 21 17  36.09 2019.25996  120.8448  22.9923    5.03  0.89 265176656 16042117.119
2019  4  5  0 34  19.70 2019.26034  120.8563  22.9950    3.89  2.21 265202059 16050034.P19
2019  4  5  3 28  23.55 2019.26067  120.8637  22.9437    4.90  2.12 265212503 16050328.P19
2019  4  5  5 36  22.70 2019.26091  120.8572  22.9452    4.59  2.09 265220182 16050536.P19
2019  4  5  6 24  54.17 2019.26101  120.8880  22.9767    4.56  2.71 265223094 16050624.P19
2019  4  5  8 10  16.27 2019.26121  120.8937  22.9752    5.12  3.07 265229416 16050810.P19
2019  4  5  9 45  46.34 2019.26139  120.8555  22.9803    4.63  1.77 265235146 16050945.119
2019  4  5 11 30  12.34 2019.26159  120.8538  22.9650    5.50  2.05 265241412 16051130.P19
2019  4  5 16  9  32.78 2019.26212  120.8415  22.9718    4.33  0.70 265258172 16051609.P19
