2019  4 18  5  1   7.11 2019.29646  121.5592  24.0543   20.33  6.32 266518067 16180500.P19
2019  4 18  5  3  57.04 2019.29647  121.5557  24.1158   18.24  3.61 266518237 16180500.219
2019  4 18  5  4  11.79 2019.29647  121.5588  24.1565   18.47  3.34 266518251 16180500.319
2019  4 18  5  5   1.23 2019.29647  121.5608  24.1017   18.59  3.56 266518301 16180500.419
2019  4 18  5  6   6.06 2019.29647  121.5842  24.1812   19.48  3.28 266518366 16180500.519
2019  4 18  5  6  30.93 2019.29647  121.5618  24.1663   19.00  3.06 266518390 16180500.619
2019  4 18  5  8   6.00 2019.29648  121.5715  24.1677   19.83  2.96 266518486 16180508.P19
2019  4 18  5  8  15.93 2019.29648  121.5245  24.1088   19.78  2.66 266518495 16180508.119
2019  4 18  5  8  51.59 2019.29648  121.5697  24.1373   17.23  2.10 266518531 16180508.219
2019  4 18  5  9  23.23 2019.29648  121.5698  24.1682   21.10  2.55 266518563 16180509.P19
2019  4 18  5 10  52.99 2019.29648  121.5578  24.1288   19.43  1.98 266518652 16180510.119
2019  4 18  5 11   9.32 2019.29648  121.5665  24.1077   13.73  1.78 266518669 16180510.219
2019  4 18  5 11  15.57 2019.29648  121.5577  24.0965   16.33  1.94 266518675 16180510.P19
2019  4 18  5 11  53.25 2019.29648  121.4870  24.0733   19.46  1.91 266518713 16180511.P19
2019  4 18  5 17  26.63 2019.29649  121.5298  24.0815   20.62  4.23 266519046 16180517.P19
2019  4 18  5 26  56.84 2019.29651  121.5743  24.1473   17.42  1.45 266519616 16180526.P19
2019  4 18  5 28  25.02 2019.29652  121.5317  24.0752   18.60  1.17 266519705 16180528.P19
2019  4 18  5 32  43.01 2019.29652  121.5250  24.0823   19.69  3.22 266519963 16180532.P19
2019  4 18  5 39  29.14 2019.29654  121.5165  24.0790   13.18  1.40 266520369 16180539.P19
2019  4 18  5 46  16.48 2019.29655  121.5120  24.0625   20.03  3.48 266520776 16180546.P19
2019  4 18  5 49  46.30 2019.29656  121.5420  24.0750   12.66  1.29 266520986 16180548.119
2019  4 18  5 53  26.60 2019.29656  121.5255  24.0888   16.49  1.79 266521206 16180553.P19
2019  4 18  5 56  26.56 2019.29657  121.5237  24.0458   16.53  2.42 266521386 16180556.P19
2019  4 18  5 57  46.12 2019.29657  121.5698  24.1298   17.80  1.41 266521466 16180557.P19
2019  4 18  6  2  31.63 2019.29658  121.5178  24.0568   20.75  1.21 266521751 16180602.P19
2019  4 18  6  3  41.28 2019.29658  121.5090  24.0375   19.22  1.69 266521821 16180603.P19
2019  4 18  6  3  49.52 2019.29658  121.5160  24.0510   20.46  1.54 266521829 16180603.119
2019  4 18  6  4  29.54 2019.29658  121.5347  24.1165   15.90  1.25 266521869 16180604.P19
2019  4 18  6  5  25.04 2019.29659  121.5523  24.1357   26.11  1.72 266521925 16180605.P19
2019  4 18  6 19   7.03 2019.29661  121.5368  24.1028   22.11  1.40 266522747 16180618.P19
2019  4 18  6 23   9.94 2019.29662  121.5697  24.1087   14.74  0.98 266522989 16180623.P19
2019  4 18  6 30  28.70 2019.29663  121.5542  24.0757   14.32  2.87 266523428 16180630.P19
2019  4 18  6 41  44.31 2019.29665  121.5082  24.0537   17.30  2.25 266524104 16180641.P19
2019  4 18  6 42  24.14 2019.29666  121.5227  24.0918   21.92  1.15 266524144 16180641.119
2019  4 18  6 44  31.26 2019.29666  121.5267  24.0823   18.79  1.50 266524271 16180644.P19
2019  4 18  6 52  34.67 2019.29668  121.5475  24.0802   15.88  1.09 266524754 16180652.P19
2019  4 18  6 55   6.09 2019.29668  121.5468  24.1070   24.10  1.76 266524906 16180655.P19
2019  4 18  6 56  55.87 2019.29668  121.5362  24.1440   19.70  1.21 266525015 16180656.P19
2019  4 18  7  5  41.70 2019.29670  121.5263  24.0432   17.17  1.35 266525541 16180705.119
2019  4 18  7 17  33.93 2019.29672  121.5067  24.0932   18.01  1.75 266526253 16180717.P19
2019  4 18  7 20   5.94 2019.29673  121.5545  24.0665   15.78  1.32 266526405 16180720.119
2019  4 18  7 35   9.63 2019.29676  121.5172  24.0592   16.99  2.31 266527309 16180734.P19
2019  4 18  7 39  34.83 2019.29676  121.5675  24.1240   17.13  1.42 266527574 16180739.P19
2019  4 18  8  0  28.92 2019.29680  121.5585  24.1783   17.64  1.18 266528828 16180800.P19
2019  4 18  8  4  40.59 2019.29681  121.5053  24.0798   15.17  0.73 266529080 16180804.119
2019  4 18  8  5   0.82 2019.29681  121.5258  24.0708   12.28  0.97 266529100 16180804.P19
2019  4 18  8 12   7.09 2019.29683  121.5138  24.0915   20.93  1.91 266529527 16180812.P19
2019  4 18  8 17  58.08 2019.29684  121.5205  24.0478   17.83  0.90 266529878 16180811.319
2019  4 18  8 48  59.18 2019.29690  121.5648  24.1605   19.91  1.60 266531739 16180848.P19
2019  4 18  8 51  54.06 2019.29690  121.5303  24.0788   19.48  2.06 266531914 16180851.P19
2019  4 18  9  1  30.78 2019.29692  121.5185  24.0993   20.70  1.08 266532490 16180900.P19
2019  4 18  9 29  30.45 2019.29697  121.5388  24.1368   22.71  1.25 266534170 16180928.P19
2019  4 18  9 35  31.22 2019.29699  121.6175  24.1453    3.79  0.95 266534531 16180935.P19
2019  4 18  9 36  30.41 2019.29699  121.6120  24.1413    3.53  1.09 266534590 16180936.P19
2019  4 18  9 40  56.75 2019.29700  121.6170  24.1440    3.09  0.74 266534856 16180940.P19
2019  4 18  9 43  26.14 2019.29700  121.5218  24.0677   18.58  1.33 266535006 16180943.P19
2019  4 18  9 54  53.43 2019.29702  121.5445  24.0838   12.18  0.61 266535693 16180954.P19
2019  4 18  9 58  23.95 2019.29703  121.5183  24.0825   19.85  1.14 266535903 16180957.P19
2019  4 18 10  9  39.48 2019.29705  121.5402  24.0813   11.29  1.11 266536579 16181009.P19
2019  4 18 10 12  15.92 2019.29706  121.5410  24.1142   20.50  0.85 266536735 16181011.119
2019  4 18 10 20  27.15 2019.29707  121.5500  24.1302   14.58  1.39 266537227 16181020.P19
2019  4 18 10 29  56.62 2019.29709  121.5728  24.1387   20.35  3.71 266537796 16181029.P19
2019  4 18 10 35  46.95 2019.29710  121.5728  24.1305   19.02  1.31 266538146 16181035.P19
2019  4 18 10 39  49.62 2019.29711  121.5232  24.0650   14.13  1.15 266538389 16181039.119
2019  4 18 10 41  27.64 2019.29711  121.5253  24.0958   22.61  1.34 266538487 16181041.P19
2019  4 18 10 49   2.28 2019.29713  121.5247  24.1203   18.12  0.57 266538942 16181048.119
2019  4 18 10 49  24.16 2019.29713  121.5270  24.0508   10.79  1.29 266538964 16181048.P19
2019  4 18 11 21  10.12 2019.29719  121.5692  24.1560   18.00  1.32 266540870 16181120.P19
2019  4 18 11 30   1.09 2019.29720  121.5135  24.0558   19.17  1.66 266541401 16181129.P19
2019  4 18 11 32  59.32 2019.29721  121.5528  24.0668   14.95  0.94 266541579 16181132.P19
2019  4 18 11 40  38.87 2019.29722  121.5583  24.1423   19.25  1.47 266542038 16181140.P19
2019  4 18 11 40  45.23 2019.29722  121.5497  24.1430   20.97  1.38 266542045 16181140.119
2019  4 18 11 48  10.02 2019.29724  121.5443  24.0453   12.31  1.09 266542490 16181148.P19
2019  4 18 12  5  41.01 2019.29727  121.4918  24.0473   16.49  1.40 266543541 16181205.P19
2019  4 18 12 24   0.67 2019.29731  121.5307  24.0600   17.89  1.32 266544640 16181223.P19
2019  4 18 12 44  51.32 2019.29735  121.5413  24.1342   19.74  1.26 266545891 16181244.P19
2019  4 18 12 45  48.72 2019.29735  121.5105  24.0963   14.66  0.57 266545949 16181245.119
2019  4 18 13  4  39.47 2019.29738  121.5202  24.0637   18.71  1.66 266547079 16181304.P19
2019  4 18 13  7  13.47 2019.29739  121.5718  24.1513   20.88  2.49 266547233 16181306.P19
2019  4 18 13 25  47.82 2019.29742  121.5125  24.0637   20.84  1.18 266548347 16181325.P19
2019  4 18 13 44  14.12 2019.29746  121.5603  24.0505   13.42  1.81 266549454 16181344.P19
2019  4 18 14 14  24.19 2019.29752  121.5742  24.1642   18.16  0.79 266551264 16181414.119
2019  4 18 14 14  42.63 2019.29752  121.5170  24.1048   22.26  0.71 266551282 16181414.219
2019  4 18 14 18  22.15 2019.29752  121.5192  24.1053   24.98  1.68 266551502 16181417.P19
2019  4 18 14 51  40.09 2019.29759  121.5360  24.1350   22.03  1.65 266553500 16181451.P19
2019  4 18 15  5  56.93 2019.29761  121.4948  24.0263   18.13  1.29 266554356 16181505.P19
2019  4 18 15  6  23.90 2019.29761  121.5228  24.0755   14.85  0.60 266554383 16181505.119
2019  4 18 15 10  49.01 2019.29762  121.5732  24.1327   17.64  2.30 266554649 16181510.P19
2019  4 18 15 17   3.51 2019.29764  121.5067  24.0593   13.88  0.86 266555023 16181516.119
2019  4 18 15 17  18.52 2019.29764  121.5102  24.0855   22.44  1.42 266555038 16181516.P19
2019  4 18 15 34  58.77 2019.29767  121.5910  24.1283   18.69  2.43 266556098 16181534.P19
2019  4 18 16  0  42.91 2019.29772  121.5263  24.1343   25.44  0.92 266557642 16181600.P19
2019  4 18 16  9  18.14 2019.29773  121.5315  24.0825   20.64  0.90 266558158 16181609.P19
2019  4 18 16 11  57.85 2019.29774  121.5858  24.1373   17.33  2.03 266558317 16181611.P19
2019  4 18 16 37  18.26 2019.29779  121.5108  24.0600   14.27  0.72 266559838 16181637.P19
2019  4 18 16 42  33.80 2019.29780  121.5075  24.0817   20.73  1.52 266560153 16181642.P19
2019  4 18 16 57   9.67 2019.29783  121.4997  24.0308   19.71  1.86 266561029 16181656.P19
2019  4 18 17  3  25.17 2019.29784  121.5267  24.0695   19.67  1.96 266561405 16181703.P19
2019  4 18 17 10  59.61 2019.29785  121.5305  24.0730   21.33  1.66 266561859 16181710.P19
2019  4 18 17 11  58.38 2019.29785  121.5362  24.0775   17.42  0.95 266561918 16181711.P19
2019  4 18 17 13  17.67 2019.29786  121.4947  24.0770   20.08  0.96 266561997 16181713.P19
2019  4 18 17 16  16.74 2019.29786  121.4997  24.0677   12.61  0.71 266562176 16181716.P19
2019  4 18 18  3  58.18 2019.29795  121.5497  24.1235   17.59  0.76 266565038 16181804.119
2019  4 18 18 18  16.09 2019.29798  121.5640  24.1082   15.49  0.92 266565896 16181818.P19
2019  4 18 18 28   1.41 2019.29800  121.5305  24.0492   16.42  2.07 266566481 16181827.P19
2019  4 18 19 25   8.71 2019.29811  121.5565  24.1353   23.99  1.52 266569908 16181924.P19
2019  4 18 19 49  27.97 2019.29815  121.5450  24.1070   12.41  0.90 266571367 16181949.P19
2019  4 18 20  2  26.99 2019.29818  121.5603  24.1260   17.67  1.53 266572146 16182002.P19
2019  4 18 20  2  45.07 2019.29818  121.5472  24.1235   11.96  0.62 266572165 16182002.119
2019  4 18 20 11  28.49 2019.29820  121.5130  24.0513   18.70  2.65 266572688 16182011.P19
2019  4 18 20 13  21.68 2019.29820  121.5093  24.0640   18.35  1.27 266572801 16182013.P19
2019  4 18 20 28  11.01 2019.29823  121.5542  24.0710   12.03  1.03 266573691 16182028.P19
2019  4 18 20 34  37.91 2019.29824  121.5458  24.1197   19.53  0.57 266574077 16182033.P19
2019  4 18 20 38  49.46 2019.29825  121.5187  24.0520   19.48  3.37 266574329 16182038.P19
2019  4 18 20 58  52.51 2019.29829  121.5038  24.0753   22.81  1.35 266575532 16182058.P19
2019  4 18 22 55   1.14 2019.29851  121.5207  24.0877   25.76  1.67 266582501 16182254.P19
2019  4 18 23 13  45.55 2019.29854  121.5607  24.1017   18.11  1.96 266583625 16182313.P19
2019  4 19  0  1  19.45 2019.29863  121.5190  24.0568   18.79  3.09 266600079 16190000.P19
2019  4 19  1  3  22.32 2019.29875  121.5015  24.0632   21.27  1.60 266603802 16190103.P19
2019  4 19  1  6  45.36 2019.29876  121.5663  24.0823   14.02  1.04 266604005 16190106.P19
2019  4 19  1 12  26.52 2019.29877  121.5083  24.0765   23.05  1.97 266604346 16190112.P19
2019  4 19  1 19  41.06 2019.29878  121.5305  24.0748   15.34  1.54 266604781 16190119.P19
2019  4 19  1 54  32.84 2019.29885  121.5195  24.0527   19.70  3.91 266606872 16190154.P19
2019  4 19  2  5  17.36 2019.29887  121.5230  24.1130   21.73  1.42 266607517 16190205.P19
2019  4 19  2 18  18.46 2019.29889  121.4978  24.0925   20.35  1.45 266608298 16190217.P19
2019  4 19  2 37   9.65 2019.29893  121.5202  24.0848   22.65  3.69 266609429 16190237.P19
2019  4 19  3 25  51.73 2019.29902  121.5412  24.0485   13.00  1.15 266612351 16190325.P19
2019  4 19  3 30  21.56 2019.29903  121.5987  24.1065    6.50  0.48 266612621 16190329.119
2019  4 19  3 39  13.28 2019.29905  121.5862  24.1483   19.21  1.61 266613153 16190339.P19
2019  4 19  4  0  16.51 2019.29909  121.5725  24.1718   21.11  2.09 266614416 16190400.P19
2019  4 19  4 33  58.09 2019.29915  121.5235  24.0550   19.67  2.20 266616438 16190433.P19
2019  4 19  4 44  54.46 2019.29917  121.5413  24.1277   24.49  1.54 266617094 16190444.P19
2019  4 19  4 49  28.74 2019.29918  121.5190  24.0512   17.73  1.93 266617368 16190449.P19
2019  4 19  5 57  58.87 2019.29931  121.5195  24.0907   13.15  1.30 266621478 16190557.P19
2019  4 19  7 23  18.20 2019.29947  121.5153  24.0667   19.02  1.19 266626598 16190723.P19
2019  4 19  8  8  33.97 2019.29956  121.5880  24.1248   17.56  2.00 266629313 16190808.P19
2019  4 19  8 18  34.46 2019.29958  121.5798  24.1348   17.16  2.79 266629914 16190818.P19
2019  4 19  8 26  32.76 2019.29959  121.5490  24.0702   13.17  1.55 266630392 16190826.P19
2019  4 19  8 50  15.66 2019.29964  121.4942  24.0907   18.58  1.31 266631815 16190850.P19
2019  4 19  9 31  26.23 2019.29972  121.5977  24.1398    3.04  0.97 266634286 16190929.119
2019  4 19  9 43  33.67 2019.29974  121.5163  24.0618   17.99  1.41 266635013 16190943.P19
2019  4 19 10 12  35.62 2019.29980  121.5790  24.1533   18.50  2.19 266636755 16191012.P19
2019  4 19 11 10  46.13 2019.29991  121.5602  24.1340   20.02  1.13 266640246 16191110.P19
2019  4 19 12 32  32.39 2019.30006  121.5450  24.1433   18.57  1.18 266645152 16191232.P19
2019  4 19 14 32   2.27 2019.30029  121.5295  24.0973   19.89  1.65 266652322 16191432.P19
2019  4 19 14 48   8.99 2019.30032  121.5517  24.1338   17.46  1.17 266653288 16191448.P19
2019  4 19 15 55  19.36 2019.30045  121.5145  24.0870   23.05  3.28 266657319 16191555.P19
2019  4 19 15 59  56.25 2019.30046  121.5002  24.0672   21.47  1.62 266657596 16191559.P19
2019  4 19 16 22  20.87 2019.30050  121.5468  24.0652   13.78  1.28 266658940 16191622.P19
2019  4 19 17  9  58.83 2019.30059  121.4892  24.0720   19.64  1.01 266661798 16191709.P19
2019  4 19 17 22  51.17 2019.30061  121.5945  24.1482   16.69  2.35 266662571 16191722.P19
2019  4 19 17 23  14.21 2019.30061  121.5560  24.0695   15.08  1.94 266662594 16191722.119
2019  4 19 18 53  59.95 2019.30079  121.5413  24.1433   22.11  1.54 266668039 16191853.119
2019  4 19 19 26  11.10 2019.30085  121.5693  24.1300   18.33  2.19 266669971 16191925.P19
2019  4 19 19 49  59.70 2019.30089  121.5255  24.0603   15.88  1.06 266671399 16191949.P19
2019  4 19 20 18  12.78 2019.30095  121.5323  24.1277   17.70  0.98 266673092 16192018.P19
2019  4 19 21 10  24.78 2019.30105  121.5588  24.1710   22.19  1.46 266676224 16192110.P19
2019  4 19 21 36  20.00 2019.30110  121.5792  24.1537   19.77  1.49 266677780 16192136.P19
2019  4 19 22  6  12.00 2019.30115  121.5355  24.1023   20.46  0.95 266679572 16192205.119
2019  4 19 23 42  32.07 2019.30134  121.5983  24.1625   17.91  2.13 266685352 16192342.P19
2019  4 20  2 49  33.26 2019.30169  121.5337  24.0892   21.16  2.00 266710173 16200249.P19
2019  4 20  3 18  58.28 2019.30175  121.5662  24.1297   12.04  1.58 266711938 16200318.P19
2019  4 20  3 55  34.48 2019.30182  121.5377  24.1492   21.22  0.92 266714134 16200355.P19
2019  4 20  4 15  30.88 2019.30186  121.5248  24.0577   12.07  0.72 266715330 16200414.119
2019  4 20  4 51   1.89 2019.30192  121.5090  24.1217   13.94  0.81 266717461 16200450.P19
2019  4 20  5 24  13.41 2019.30199  121.5637  24.1830   25.20  2.33 266719453 16200524.P19
2019  4 20  5 55  19.90 2019.30205  121.5545  24.1702   22.65  1.13 266721319 16200555.119
2019  4 20  6 55  12.58 2019.30216  121.5758  24.1265   18.78  2.96 266724912 16200654.P19
2019  4 20  7 26  26.80 2019.30222  121.5100  24.1088   13.25  0.93 266726786 16200726.P19
2019  4 20  7 39  11.32 2019.30224  121.5790  24.1455   17.28  1.49 266727551 16200738.P19
2019  4 20  7 48  36.94 2019.30226  121.5400  24.1160   16.39  0.88 266728116 16200748.P19
2019  4 20  8  2  37.33 2019.30229  121.5098  24.0367   19.71  1.18 266728957 16200802.P19
2019  4 20  8 36   9.47 2019.30235  121.5180  24.0592   19.02  1.68 266730969 16200836.P19
2019  4 20  9 26  19.11 2019.30245  121.5252  24.0822   19.64  2.19 266733979 16200926.P19
2019  4 20  9 35  33.07 2019.30246  121.6187  24.1435    6.48  0.82 266734533 16200935.P19
2019  4 20  9 41  49.32 2019.30248  121.6075  24.1408    1.48  0.77 266734909 16200940.119
2019  4 20 10  1  44.27 2019.30251  121.5127  24.1033   13.48  1.02 266736104 16201001.P19
2019  4 20 11 23  41.03 2019.30267  121.5685  24.1310   17.60  1.17 266741021 16201123.P19
2019  4 20 12  6   8.39 2019.30275  121.5085  24.0410   18.00  1.06 266743568 16201205.P19
2019  4 20 14 40  32.98 2019.30305  121.5658  24.0877   13.23  0.93 266752832 16201440.119
2019  4 20 17 40  58.80 2019.30339  121.5570  24.0703   14.04  1.66 266763658 16201740.P19
2019  4 20 17 43  25.65 2019.30339  121.5262  24.1317   24.15  2.49 266763805 16201743.P19
2019  4 20 19 21  18.57 2019.30358  121.5448  24.0642   18.19  1.10 266769678 16201921.P19
2019  4 20 21 48  39.32 2019.30386  121.5282  24.1052   21.08  2.49 266778519 16202148.P19
